=== Forge Creativity Map ===
folio	creativity_index	h1		h2
heartbeat_log.txt	1856.75	3.993	22.519
f80r_eva.txt	1650.72	3.877	19.367
adaptive_log_cycles.txt	1630.12	4.122	20.355
f102r2_eva.txt	1629.03	3.514	19.094
f80r_raw.txt	1627.48	3.995	19.455
f84r_eva.txt	1610.69	3.737	18.614
f78r_eva_raw.txt	1609.87	4.012	19.175
f83r_raw.txt	1606.24	3.938	18.651
f49v_raw.txt	1603.58	3.967	18.901
f83r_eva.txt	1600.46	3.766	17.969
f1r_long_eva.txt	1597.80	3.669	18.896
f1r_eva.txt	1596.96	3.669	18.898
f76r_eva.txt	1594.30	3.735	18.709
f102r2_raw.txt	1590.30	3.712	19.103
f49v_eva.txt	1590.20	3.806	18.790
f17r_eva.txt	1589.44	3.803	18.765
f82r_eva.txt	1586.77	3.792	18.026
f84r_raw.txt	1585.64	3.876	18.841
f79r_eva.txt	1581.80	3.690	18.278
f78r_eva.txt	1578.55	3.686	18.233
f81r_raw.txt	1576.32	3.874	18.777
f99r_eva.txt	1572.64	3.697	18.966
f81r_eva.txt	1572.62	3.670	18.113
rosettes_eva.txt	1567.71	3.821	18.738
full_rosettes_eva.txt	1567.33	3.821	18.735
f76r_raw.txt	1566.33	3.879	18.759
f79r_raw.txt	1565.17	3.862	18.625
f82v_eva.txt	1561.02	3.814	18.315
rosettes_raw.txt	1559.42	3.979	18.820
f1r_raw.txt	1558.99	3.831	18.881
f82r_raw.txt	1558.86	3.930	18.455
full_rosettes_raw.txt	1558.54	3.981	18.819
f82v_raw.txt	1558.33	3.989	18.761
f1r_long_raw.txt	1558.18	3.831	18.869
f88r_eva.txt	1550.23	3.825	18.831
f8r_eva.txt	1548.57	3.782	18.866
f70v_eva.txt	1543.07	3.783	18.406
full_eva.txt	1537.20	3.996	17.442
f83v_raw.txt	1530.93	3.904	18.403
f88r_raw.txt	1529.71	3.897	18.697
f8r_raw.txt	1528.84	3.872	18.827
f83v_eva.txt	1513.97	3.691	17.565
f99r_raw.txt	1513.09	3.869	18.544
f70v_raw.txt	1511.30	3.965	18.230
f67r1_eva.txt	1508.80	3.689	18.311
f67r1_raw.txt	1472.63	3.784	18.076
ZL3b-n.txt	1385.43	4.017	16.666
f17r_eva_raw.txt	1278.49	4.059	15.639
entropy_log_ultra.txt	839.64	3.550	-4.807
